    1       0.0    1
    2    3600.0    1
    3    7200.0    1
       1.0       1.0       1.0       1.0
    4   10800.0    1
    5   14400.0    1
    6   18000.0    1
    7   21600.0    1
    8   25200.0    1
    9   28800.0    1
   10   32400.0    1
   11   36000.0    1
   12   39600.0    1
   13   43200.0    1
   14   46800.0    1
   15   50400.0    1
   16   54000.0    1
   17   57600.0    1
   18   61200.0    1
   19   64800.0    1
   20   68400.0    1
   21   72000.0    1
   22   75600.0    1
   23   79200.0    1
   24   82800.0    1
   25   86400.0    1
   26   90000.0    1
   27   93600.0    1
   28   97200.0    1
   29  100800.0    1
   30  104400.0    1
   31  108000.0    1
   32  111600.0    1
   33  115200.0    1
   34  118800.0    1
   35  122400.0    1
   36  126000.0    1
   37  129600.0    1
   38  133200.0    1
   39  136800.0    1
   40  140400.0    1
   41  144000.0    1
   42  147600.0    1
   43  151200.0    1
   44  154800.0    1
   45  158400.0    1
   46  162000.0    1
   47  165600.0    1
   48  169200.0    1
   49  172800.0    1
   50  176400.0    1
   51  180000.0    1
   52  183600.0    1
   53  187200.0    1
   54  190800.0    1
   55  194400.0    1
   56  198000.0    1
   57  201600.0    1
   58  205200.0    1
   59  208800.0    1
   60  212400.0    1
   61  216000.0    1
   62  219600.0    1
   63  223200.0    1
   64  226800.0    1
   65  230400.0    1
   66  234000.0    1
   67  237600.0    1
   68  241200.0    1
   69  244800.0    1
   70  248400.0    1
   71  252000.0    1
   72  255600.0    1
   73  259200.0    1
   74  262800.0    1
   75  266400.0    1
   76  270000.0    1
   77  273600.0    1
   78  277200.0    1
   79  280800.0    1
   80  284400.0    1
   81  288000.0    1
   82  291600.0    1
   83  295200.0    1
   84  298800.0    1
   85  302400.0    1
   86  306000.0    1
   87  309600.0    1
   88  313200.0    1
   89  316800.0    1
   90  320400.0    1
   91  324000.0    1
   92  327600.0    1
   93  331200.0    1
   94  334800.0    1
   95  338400.0    1
   96  342000.0    1
   97  345600.0    1
   98  349200.0    1
   99  352800.0    1
  100  356400.0    1
  101  360000.0    1
  102  363600.0    1
  103  367200.0    1
  104  370800.0    1
  105  374400.0    1
  106  378000.0    1
  107  381600.0    1
  108  385200.0    1
  109  388800.0    1
  110  392400.0    1
  111  396000.0    1
  112  399600.0    1
  113  403200.0    1
  114  406800.0    1
  115  410400.0    1
  116  414000.0    1
  117  417600.0    1
  118  421200.0    1
  119  424800.0    1
  120  428400.0    1
  121  432000.0    1
  122  435600.0    1
  123  439200.0    1
  124  442800.0    1
  125  446400.0    1
  126  450000.0    1
  127  453600.0    1
  128  457200.0    1
  129  460800.0    1
  130  464400.0    1
  131  468000.0    1
  132  471600.0    1
  133  475200.0    1
  134  478800.0    1
  135  482400.0    1
  136  486000.0    1
  137  489600.0    1
  138  493200.0    1
  139  496800.0    1
  140  500400.0    1
  141  504000.0    1
  142  507600.0    1
  143  511200.0    1
  144  514800.0    1
  145  518400.0    1
  146  522000.0    1
  147  525600.0    1
  148  529200.0    1
  149  532800.0    1
  150  536400.0    1
  151  540000.0    1
  152  543600.0    1
  153  547200.0    1
  154  550800.0    1
  155  554400.0    1
  156  558000.0    1
  157  561600.0    1
  158  565200.0    1
  159  568800.0    1
  160  572400.0    1
  161  576000.0    1
  162  579600.0    1
  163  583200.0    1
  164  586800.0    1
  165  590400.0    1
  166  594000.0    1
  167  597600.0    1
  168  601200.0    1
  169  604800.0    1
  170  608400.0    1
  171  612000.0    1
  172  615600.0    1
  173  619200.0    1
  174  622800.0    1
  175  626400.0    1
  176  630000.0    1
  177  633600.0    1
  178  637200.0    1
  179  640800.0    1
  180  644400.0    1
  181  648000.0    1
  182  651600.0    1
  183  655200.0    1
  184  658800.0    1
  185  662400.0    1
  186  666000.0    1
  187  669600.0    1
  188  673200.0    1
  189  676800.0    1
  190  680400.0    1
  191  684000.0    1
  192  687600.0    1
  193  691200.0    1
  194  694800.0    1
  195  698400.0    1
  196  702000.0    1
  197  705600.0    1
  198  709200.0    1
  199  712800.0    1
  200  716400.0    1
  201  720000.0    1
  202  723600.0    1
  203  727200.0    1
  204  730800.0    1
  205  734400.0    1
  206  738000.0    1
  207  741600.0    1
  208  745200.0    1
  209  748800.0    1
  210  752400.0    1
  211  756000.0    1
  212  759600.0    1
  213  763200.0    1
  214  766800.0    1
  215  770400.0    1
  216  774000.0    1
  217  777600.0    1
  218  781200.0    1
  219  784800.0    1
  220  788400.0    1
  221  792000.0    1
  222  795600.0    1
  223  799200.0    1
  224  802800.0    1
  225  806400.0    1
  226  810000.0    1
  227  813600.0    1
  228  817200.0    1
  229  820800.0    1
  230  824400.0    1
  231  828000.0    1
  232  831600.0    1
  233  835200.0    1
  234  838800.0    1
  235  842400.0    1
  236  846000.0    1
  237  849600.0    1
  238  853200.0    1
  239  856800.0    1
  240  860400.0    1
  241  864000.0    1
  242  867600.0    1
  243  871200.0    1
  244  874800.0    1
  245  878400.0    1
  246  882000.0    1
  247  885600.0    1
  248  889200.0    1
  249  892800.0    1
  250  896400.0    1
  251  900000.0    1
  252  903600.0    1
  253  907200.0    1
  254  910800.0    1
  255  914400.0    1
  256  918000.0    1
  257  921600.0    1
  258  925200.0    1
  259  928800.0    1
  260  932400.0    1
  261  936000.0    1
  262  939600.0    1
  263  943200.0    1
  264  946800.0    1
  265  950400.0    1
  266  954000.0    1
  267  957600.0    1
  268  961200.0    1
  269  964800.0    1
  270  968400.0    1
  271  972000.0    1
  272  975600.0    1
  273  979200.0    1
  274  982800.0    1
  275  986400.0    1
  276  990000.0    1
  277  993600.0    1
  278  997200.0    1
  279 1000800.0    1
  280 1004400.0    1
  281 1008000.0    1
  282 1011600.0    1
  283 1015200.0    1
  284 1018800.0    1
  285 1022400.0    1
  286 1026000.0    1
  287 1029600.0    1
  288 1033200.0    1
  289 1036800.0    1
  290 1040400.0    1
  291 1044000.0    1
  292 1047600.0    1
  293 1051200.0    1
  294 1054800.0    1
  295 1058400.0    1
  296 1062000.0    1
  297 1065600.0    1
  298 1069200.0    1
  299 1072800.0    1
  300 1076400.0    1
  301 1080000.0    1
  302 1083600.0    1
  303 1087200.0    1
  304 1090800.0    1
  305 1094400.0    1
  306 1098000.0    1
  307 1101600.0    1
  308 1105200.0    1
  309 1108800.0    1
  310 1112400.0    1
  311 1116000.0    1
  312 1119600.0    1
  313 1123200.0    1
  314 1126800.0    1
  315 1130400.0    1
  316 1134000.0    1
  317 1137600.0    1
  318 1141200.0    1
  319 1144800.0    1
  320 1148400.0    1
  321 1152000.0    1
  322 1155600.0    1
  323 1159200.0    1
  324 1162800.0    1
  325 1166400.0    1
  326 1170000.0    1
  327 1173600.0    1
  328 1177200.0    1
  329 1180800.0    1
  330 1184400.0    1
  331 1188000.0    1
  332 1191600.0    1
  333 1195200.0    1
  334 1198800.0    1
  335 1202400.0    1
  336 1206000.0    1
  337 1209600.0    1
  338 1213200.0    1
  339 1216800.0    1
  340 1220400.0    1
  341 1224000.0    1
  342 1227600.0    1
  343 1231200.0    1
  344 1234800.0    1
  345 1238400.0    1
  346 1242000.0    1
  347 1245600.0    1
  348 1249200.0    1
  349 1252800.0    1
  350 1256400.0    1
  351 1260000.0    1
  352 1263600.0    1
  353 1267200.0    1
  354 1270800.0    1
  355 1274400.0    1
  356 1278000.0    1
  357 1281600.0    1
  358 1285200.0    1
  359 1288800.0    1
  360 1292400.0    1
  361 1296000.0    1
  362 1299600.0    1
  363 1303200.0    1
  364 1306800.0    1
  365 1310400.0    1
  366 1314000.0    1
  367 1317600.0    1
  368 1321200.0    1
  369 1324800.0    1
  370 1328400.0    1
  371 1332000.0    1
  372 1335600.0    1
  373 1339200.0    1
  374 1342800.0    1
  375 1346400.0    1
  376 1350000.0    1
  377 1353600.0    1
  378 1357200.0    1
  379 1360800.0    1
  380 1364400.0    1
  381 1368000.0    1
  382 1371600.0    1
  383 1375200.0    1
  384 1378800.0    1
  385 1382400.0    1
  386 1386000.0    1
  387 1389600.0    1
  388 1393200.0    1
  389 1396800.0    1
  390 1400400.0    1
  391 1404000.0    1
  392 1407600.0    1
  393 1411200.0    1
  394 1414800.0    1
  395 1418400.0    1
  396 1422000.0    1
  397 1425600.0    1
  398 1429200.0    1
  399 1432800.0    1
  400 1436400.0    1
  401 1440000.0    1
  402 1443600.0    1
  403 1447200.0    1
  404 1450800.0    1
  405 1454400.0    1
  406 1458000.0    1
  407 1461600.0    1
  408 1465200.0    1
  409 1468800.0    1
  410 1472400.0    1
  411 1476000.0    1
  412 1479600.0    1
  413 1483200.0    1
  414 1486800.0    1
  415 1490400.0    1
  416 1494000.0    1
  417 1497600.0    1
  418 1501200.0    1
  419 1504800.0    1
  420 1508400.0    1
  421 1512000.0    1
  422 1515600.0    1
  423 1519200.0    1
  424 1522800.0    1
  425 1526400.0    1
  426 1530000.0    1
  427 1533600.0    1
  428 1537200.0    1
  429 1540800.0    1
  430 1544400.0    1
  431 1548000.0    1
  432 1551600.0    1
  433 1555200.0    1
  434 1558800.0    1
  435 1562400.0    1
  436 1566000.0    1
  437 1569600.0    1
  438 1573200.0    1
  439 1576800.0    1
  440 1580400.0    1
  441 1584000.0    1
  442 1587600.0    1
  443 1591200.0    1
  444 1594800.0    1
  445 1598400.0    1
  446 1602000.0    1
  447 1605600.0    1
  448 1609200.0    1
  449 1612800.0    1
  450 1616400.0    1
  451 1620000.0    1
  452 1623600.0    1
  453 1627200.0    1
  454 1630800.0    1
  455 1634400.0    1
  456 1638000.0    1
  457 1641600.0    1
  458 1645200.0    1
  459 1648800.0    1
  460 1652400.0    1
  461 1656000.0    1
  462 1659600.0    1
  463 1663200.0    1
  464 1666800.0    1
  465 1670400.0    1
  466 1674000.0    1
  467 1677600.0    1
  468 1681200.0    1
  469 1684800.0    1
  470 1688400.0    1
  471 1692000.0    1
  472 1695600.0    1
  473 1699200.0    1
  474 1702800.0    1
  475 1706400.0    1
  476 1710000.0    1
  477 1713600.0    1
  478 1717200.0    1
  479 1720800.0    1
  480 1724400.0    1
  481 1728000.0    1
       1.0       1.0
	           
	           
	           